[-1.5000000000001288, -1.5000000000000104, -1.5000000000000047, -1.500000000000002, -1.500000000000001, -1.5000000000000007, -1.5000000000000004, -1.5000000000000002, -1.5, -1.4999999999999998, -1.4999999999999996, -1.4999999999999993, -1.499999999999999, -1.4999999999999982, -1.4999999999999962, -1.4999999999999896, -1.4999999999998952]
[-1.998698367093659, -1.9755293991827523, -1.9365567988414991, -1.8704654741246016, -1.7481916164481959, -1.5265081286105957, -1.351912257881042, -1.2125410719291774, -1.1065968194360287, -1.0239561507179356, -0.967928656573728, -0.8909942211879471, -0.7861191998174504, -0.729614692700141, -0.6981398990773484, -0.6808208598501846, -0.6684574362830444]
[-1.8219225884494814, -1.7900939964298777, -1.756548016533023, -1.7204935956068141, -1.6550816637295531, -1.5038023955524618, -1.352037978896126, -1.1857385685539121, -1.0230792475911104, -0.8631400023458013, -0.7007546197542669, -0.5311459837060695, -0.30424029700430166, -0.11246694542508617, 0.01425464200679638, 0.13171009201881834, 0.2243149133454021]
[-1.9251001416023952, -1.8056736242501448, -1.7099044913263743, -1.623718012017161, -1.5119253236785095, -1.4023495599495222, -1.2771489958854976, -1.1321776566014043, -0.9729186278148041, -0.7956823275127882, -0.5862973888208054, -0.3400356477725279, -0.01496157201206838, 0.27687421148458924, 0.5169618666232507, 0.7693461420224823, 1.0640921820780642]
[-1.8353262078664911, -1.740922049863244, -1.6521888160630565, -1.5629284136062276, -1.4480831279903428, -1.2910176079408138, -1.1669106132792835, -1.0397691172103525, -0.8817410819306883, -0.6965126439735592, -0.4803076948489484, -0.2056063194838864, 0.21258430691418528, 0.5763639445047528, 0.8773250470958418, 1.2320144599364573, 1.7480034583192827]
[-1.8104345287876753, -1.6748501844460046, -1.6128676800420974, -1.5383357352579685, -1.4133388845166235, -1.2424859474519288, -1.1008662847413715, -0.9628451661657289, -0.8230553495118413, -0.6509767385027527, -0.43849254902531243, -0.15082815265559635, 0.30978748254763167, 0.7230845700787074, 1.1128792632152695, 1.5889111891225394, 2.4327434800926584]
[-1.795385704362923, -1.6591104770480243, -1.5674984064352284, -1.4810860297429154, -1.3729069476840352, -1.2018462819808637, -1.0521857746181553, -0.9068530417950336, -0.7610503239815198, -0.5951027948619205, -0.3949505108604776, -0.09461538008565817, 0.39209065999002934, 0.8427207757872779, 1.2958121794171706, 1.8038923016810893, 2.6667508001403784]
[-1.757234262686836, -1.6193554954047567, -1.5259916726647333, -1.4355645214947972, -1.3204975159457102, -1.1553815490035455, -1.0109030198372386, -0.8611099528267885, -0.7148101851772006, -0.5354088370658476, -0.3333719476979775, -0.030165658705529452, 0.45505403230004005, 0.9344675266635658, 1.4241196294039584, 2.0546844807340277, 3.229968137032687]
[-1.7260631458021758, -1.573907655323815, -1.4809936840913325, -1.3976511798349016, -1.2802985177023831, -1.1065802547206527, -0.9588247001962906, -0.821004459354568, -0.6546153404990038, -0.484511795709623, -0.2844302507338017, 0.009477573997239919, 0.501220628366843, 0.9806511072721458, 1.4339816208145129, 2.1362831623730365, 3.3988330708349332]
[-1.6957100263799845, -1.534155140990377, -1.4516348851405216, -1.3657461772535178, -1.2497013419629128, -1.0753670554183123, -0.9251816702745481, -0.7840581952933845, -0.6345176506680148, -0.454576354845488, -0.23939838316211315, 0.0580976446440542, 0.5808589174823751, 1.0470512083114603, 1.5754243056141197, 2.1751882600793584, 3.530659438158957]
[-1.6995906054264194, -1.5295938055082103, -1.4299518041974355, -1.337607866246782, -1.219254121901787, -1.0449056403750867, -0.895794185651857, -0.7446689049186497, -0.6001821128604301, -0.4278989644545206, -0.2183206977176937, 0.05200443694732515, 0.5651493568403287, 1.076612116906114, 1.564565574665873, 2.1639199097474062, 3.8218833121663103]
[-1.6184703256250528, -1.481039172849219, -1.38590148597097, -1.2974008661877203, -1.179910735045544, -1.01542148789944, -0.8651292936500292, -0.7222741359443074, -0.5712104936347759, -0.39491865433056805, -0.18333981294038937, 0.09447672467788593, 0.5930169187059402, 1.1428225993063528, 1.6379262065835647, 2.327474056658777, 4.02230033249352]
[-1.6421393579293624, -1.4707715938672878, -1.3817412164449208, -1.286724235774217, -1.1635215443800335, -0.9902939625321463, -0.8411303238164121, -0.6947514159792916, -0.5389282754360409, -0.3664636531414702, -0.157962028827904, 0.1369238816761298, 0.6154972091342619, 1.0567784445051043, 1.5886726691758524, 2.3373417544440827, 3.9911711640832026]
[-1.6233357220527689, -1.4299132188990613, -1.3473177573219102, -1.2544894342185224, -1.1274241359790313, -0.9579937452299281, -0.8186050566738072, -0.6721361894240876, -0.5235264558781627, -0.3451533014947499, -0.13891716931122255, 0.13675934259344125, 0.6296196536583563, 1.1448701531876413, 1.6013115706485381, 2.296945938642316, 4.517114767319705]
[-1.5602128434139055, -1.413624061025529, -1.3117207595937284, -1.2229060135260308, -1.095327941004873, -0.9190075399207696, -0.7866600909418353, -0.6449276353006943, -0.49493214191421275, -0.32516630291052095, -0.11417374104137146, 0.15141779765983188, 0.6334181714585383, 1.0789114481822155, 1.6543167668637455, 2.3474277138650237, 3.880975903386961]
[-1.550598377705521, -1.3905037346205928, -1.2952511751455777, -1.2044685973861686, -1.0830297767549177, -0.9163171486447914, -0.7736127001179489, -0.6361145439344833, -0.491175327048853, -0.3312655991170157, -0.1358982236994204, 0.1568550059136924, 0.6562196618867935, 1.1504884670944726, 1.6830241118222764, 2.3392774661184124, 4.31066545186969]
[-1.5249012091449983, -1.3741935770288727, -1.2750371212511027, -1.1873619924906804, -1.0753461890653135, -0.9073152278571595, -0.7635263853380652, -0.614611056077695, -0.46042657788778296, -0.2893472850849217, -0.08738813955854852, 0.17852592615527696, 0.6599134685999397, 1.1242711501251508, 1.6456819605299735, 2.3066556136987746, 4.041852035250427]
[-1.5281541877657014, -1.3689122511012761, -1.2650594875866017, -1.174768373687395, -1.0518156543657564, -0.881449909229632, -0.7427302329725758, -0.6064686730073636, -0.4514827054678916, -0.2887803959053983, -0.09127633042913397, 0.18414991828424032, 0.6349167863974103, 1.1054560014432937, 1.6494910203465363, 2.2247072548766544, 4.107946996112356]